-2.500000001852657472e-01
-2.474406749748147005e-01
-2.449068687552976853e-01
-2.423983270772623044e-01
-2.399147980283676262e-01
-2.374560322080866426e-01
-2.350217827026610251e-01
-2.326118050603055987e-01
-2.302258572666600334e-01
-2.278636997204853687e-01
-2.255250952096027606e-01
-2.232098088870722308e-01
-2.209176082476088931e-01
-2.186482631042343805e-01
-2.164015455651610020e-01
-2.141772300109064386e-01
-2.119750930716366721e-01
-2.097949136047347340e-01
-2.076364726725931642e-01
-2.054995535206279034e-01
-2.033839415555113717e-01
-2.012894243236226788e-01
-1.992157914897126070e-01
-1.971628348157813404e-01
-1.951303481401668594e-01
-1.931181273568417789e-01
-1.911259703949166888e-01
-1.891536771983477749e-01
-1.872010497058468614e-01
-1.852678918309917377e-01
-1.833540094425347711e-01
-1.814592103449079175e-01
-1.795833042589220774e-01
-1.777261028026589085e-01
-1.758874194725531803e-01
-1.740670696246637561e-01
-1.722648704561312860e-01
-1.704806409868208361e-01
-1.687142020411474819e-01
-1.669653762300832289e-01
-1.652339879333432626e-01
-1.635198632817498332e-01
-1.618228301397719726e-01
-1.601427180882393775e-01
-1.584793584072285710e-01
-1.568325840591197340e-01
-1.552022296718225114e-01
-1.535881315221690191e-01
-1.519901275194724954e-01
-1.504080571892498219e-01
-1.488417616571063862e-01
-1.472910836327816497e-01
-1.457558673943537553e-01
-1.442359587726016468e-01
-1.427312051355230926e-01
-1.412414553730071687e-01
-1.397665598816594246e-01
-1.383063705497785123e-01
-1.368607407424824729e-01
-1.354295252869834321e-01
-1.340125804580090674e-01
-1.326097639633694591e-01
-1.312209349296678540e-01
-1.298459538881538977e-01
-1.284846827607179220e-01
-1.271369848460248697e-01
-1.258027248057865533e-01
-1.244817686511706933e-01
-1.231739837293455153e-01
-1.218792387101585162e-01
-1.205974035729480698e-01
-1.193283495934864824e-01
-1.180719493310532914e-01
-1.168280766156374328e-01
-1.155966065352670019e-01
-1.143774154234653839e-01
-1.131703808468324385e-01
-1.119753815927495150e-01
-1.107922976572070367e-01
-1.096210102327535019e-01
-1.084614016965646244e-01
-1.073133555986314214e-01
-1.061767566500660953e-01
-1.050514907115245172e-01
-1.039374447817441455e-01
-1.028345069861962141e-01
-1.017425665658511086e-01
-1.006615138660557490e-01
-9.959124032552184314e-02
-9.853163846542396798e-02
-9.748260187860637027e-02
-9.644402521889734736e-02
-9.541580419053020956e-02
-9.439783553766968593e-02
-9.339001703404280208e-02
-9.239224747267311966e-02
-9.140442665571735237e-02
-9.042645538440330366e-02
-8.945823544906816860e-02
-8.849966961929611742e-02
-8.755066163415425873e-02
-8.661111619252592764e-02
-8.568093894354038287e-02
-8.476003647709789979e-02
-8.384831631448938505e-02
-8.294568689910947201e-02
-8.205205758726225040e-02
-8.116733863905865876e-02
-8.029144120940463758e-02
-7.942427733907915510e-02
-7.856575994590116185e-02
-7.771580281598465534e-02
-7.687432059508092497e-02
-7.604122878000710295e-02
-7.521644371016021624e-02
-7.439988255911583748e-02
-7.359146332631048837e-02
-7.279110482880701838e-02
-7.199872669314204277e-02
-7.121424934725470446e-02
-7.043759401249588548e-02
-6.966868269571713235e-02
-6.890743818143843513e-02
-6.815378402409411063e-02
-6.740764454035598485e-02
-6.666894480153315317e-02
-6.593761062604749923e-02
-6.521356857198422341e-02
-6.449674592971670062e-02
-6.378707071460483491e-02
-6.308447165976623083e-02
-6.238887820891944602e-02
-6.170022050929858948e-02
-6.101842940463859249e-02
-6.034343642823040282e-02
-5.967517379604543593e-02
-5.901357439992857556e-02
-5.835857180085905066e-02
-5.771010022227850839e-02
-5.706809454348561739e-02
-5.643249029309651416e-02
-5.580322364257048195e-02
-5.518023139980016839e-02
-5.456345100276571713e-02
-5.395282051325217543e-02
-5.334827861062955284e-02
-5.274976458569487214e-02
-5.215721833457566403e-02
-5.157058035269420498e-02
-5.098979172879197774e-02
-5.041479413901368140e-02
-4.984552984105024287e-02
-4.928194166834024004e-02
-4.872397302432912580e-02
-4.817156787678569807e-02
-4.762467075217523271e-02
-4.708322673008874526e-02
-4.654718143772777067e-02
-4.601648104444415466e-02
-4.549107225633427370e-02
-4.497090231088717027e-02
-4.445591897168604811e-02
-4.394607052316258644e-02
-4.344130576540358030e-02
-4.294157400900933813e-02
-4.244682507000336474e-02
-4.195700926479280224e-02
-4.147207740517910163e-02
-4.099198079341846018e-02
-4.051667121733149718e-02
-4.004610094546171700e-02
-3.958022272228220451e-02
-3.911898976345015710e-02
-3.866235575110871237e-02
-3.821027482923562008e-02
-3.776270159903829388e-02
-3.731959111439479143e-02
-3.688089887734023048e-02
-3.644658083359823136e-02
-3.601659336815690726e-02
-3.559089330088895109e-02
-3.516943788221542355e-02
-3.475218478881275663e-02
-3.433909211936257005e-02
-3.393011839034385663e-02
-3.352522253186714096e-02
-3.312436388355016054e-02
-3.272750219043467357e-02
-3.233459759894399127e-02
-3.194561065288080426e-02
-3.156050228946491454e-02
-3.117923383541048449e-02
-3.080176700304239693e-02
-3.042806388645133073e-02
-3.005808695768718425e-02
-2.969179906299044755e-02
-2.932916341906115568e-02
-2.897014360936504482e-02
-2.861470358047653317e-02
-2.826280763845816918e-02
-2.791442044527618627e-02
-2.756950701525178946e-02
-2.722803271154783031e-02
-2.688996324269051288e-02
-2.655526465912577683e-02
-2.622390334981002796e-02
-2.589584603883485214e-02
-2.557105978208538966e-02
-2.524951196393202327e-02
-2.493117029395506071e-02
-2.461600280370207158e-02
-2.430397784347755608e-02
-2.399506407916462275e-02
-2.368923048907835976e-02
-2.338644636085058376e-02
-2.308668128834564723e-02
-2.278990516860699214e-02
-2.249608819883416530e-02
-2.220520087338996237e-02
-2.191721398083741612e-02
-2.163209860100633389e-02
-2.134982610208907908e-02
-2.107036813776531209e-02
-2.079369664435540277e-02
-2.051978383800222294e-02
-2.024860221188104492e-02
-1.998012453343724765e-02
-1.971432384165158411e-02
-1.945117344433269779e-02
-1.919064691543664533e-02
-1.893271809241315121e-02
-1.867736107357831007e-02
-1.842455021551349381e-02
-1.817426013049019615e-02
-1.792646568392054426e-02
-1.768114199183324492e-02
-1.743826441837468405e-02
-1.719780857333495089e-02
-1.695975030969852984e-02
-1.672406572121941382e-02
-1.649073114002039264e-02
-1.625972313421628415e-02
-1.603101850556086158e-02
-1.580459428711723791e-02
-1.558042774095149373e-02
-1.535849635584928159e-02
-1.513877784505521761e-02
-1.492125014403480020e-02
-1.470589140825864956e-02
-1.449268001100884051e-02
-1.428159454120710853e-02
-1.407261380126470854e-02
-1.386571680495371668e-02
-1.366088277529955292e-02
-1.345809114249451981e-02
-1.325732154183214585e-02
-1.305855381166212345e-02
-1.286176799136563853e-02
-1.266694431935089064e-02
-1.247406323106859706e-02
-1.228310535704728312e-02
-1.209405152094816631e-02
-1.190688273763943275e-02
-1.172158021128971543e-02
-1.153812533348058320e-02
-1.135649968133784805e-02
-1.117668501568150861e-02
-1.099866327919413710e-02
-1.082241659460752951e-02
-1.064792726290743861e-02
-1.047517776155620570e-02
-1.030415074273311783e-02
-1.013482903159230487e-02
-9.967195624538011459e-03
-9.801233687517065321e-03
-9.636926554328370184e-03
-9.474257724949256693e-03
-9.313210863878517917e-03
-9.153769798495969834e-03
-8.995918517438366777e-03
-8.839641168991510534e-03
-8.684922059498393493e-03
-8.531745651783211037e-03
-8.380096563591092271e-03
-8.229959566043384273e-03
-8.081319582108342434e-03
-7.934161685087063806e-03
-7.788460796947184114e-03
-7.644202491858194046e-03
-7.501373290783739517e-03
-7.359964347757760178e-03
-7.219975049313269617e-03
-7.081415716460460162e-03
-6.944309486960821565e-03
-6.808693446895590189e-03
-6.674619074134645162e-03
-6.542152052839885976e-03
-6.411371517674424939e-03
-6.282368788648511927e-03
-6.155245661938129470e-03
-6.030112327778785683e-03
-5.907084992756933897e-03
-5.786283289546424735e-03
-5.667827561462805350e-03
-5.551836111352171504e-03
-5.438422503702442651e-03
-5.327693005114317489e-03
-5.219744241319062943e-03
-5.114661138978130600e-03
-5.012515207995963708e-03
-4.913363205680526882e-03
-4.817246208598372804e-03
-4.724189102264179929e-03
-4.634200483742351509e-03
-4.547272958604346715e-03
-4.463383802124189573e-03
-4.382495945568597520e-03
-4.304559242205408844e-03
-4.229511964264918815e-03
-4.157282481400161045e-03
-4.087791072894218780e-03
-4.020951829513403318e-03
-3.956674605968168307e-03
-3.894866990823157762e-03
-3.835436266768438730e-03
-3.778291339792747353e-03
-3.723344294623813153e-03
-3.670510597345991773e-03
-3.619708965348086751e-03
-3.570860886237158232e-03
-3.523888952431298519e-03
-3.478715460064613855e-03
-3.435261569095277630e-03
-3.393446903565141594e-03
-3.353189486303050689e-03
-3.314405917171315760e-03
-3.277011718302328021e-03
-3.240921783505646553e-03
-3.206050881895509096e-03
-3.172314177540934074e-03
-3.139627737371632372e-03
-3.107909008554384477e-03
-3.077077254038048520e-03
-3.047053940974345839e-03
-3.017763081335458463e-03
-2.989131527385561343e-03
-2.961089226859359939e-03
-2.933569443899955876e-03
-2.906508952149256062e-03
-2.879848205993431470e-03
-2.853531494956239919e-03
-2.827507084703887504e-03
-2.801727346166938380e-03
-2.776148871984796852e-03
-2.750732576927427796e-03
-2.725443776248801051e-03
-2.700252233194450936e-03
-2.675132164257448559e-03
-2.650062188405467346e-03
-2.625025204548168782e-03
-2.600008180135578769e-03
-2.575001833105142971e-03
-2.550000189504615308e-03
-2.524999999999998600e-03
-2.499999999999998751e-03
-2.474999999999998902e-03
-2.449999999999999054e-03
-2.424999999999999205e-03
-2.399999999999999356e-03
-2.374999999999999507e-03
-2.349999999999999659e-03
-2.324999999999999810e-03
-2.299999999999999961e-03
-2.275000000000000112e-03
-2.250000000000000264e-03
-2.225000000000000415e-03
-2.200000000000000566e-03
-2.175000000000000717e-03
-2.150000000000000869e-03
-2.125000000000001020e-03
-2.100000000000001171e-03
-2.075000000000001323e-03
-2.050000000000001474e-03
-2.025000000000001625e-03
-2.000000000000001776e-03
-1.975000000000001928e-03
-1.950000000000001862e-03
-1.925000000000001796e-03
-1.900000000000001731e-03
-1.875000000000001665e-03
-1.850000000000001600e-03
-1.825000000000001534e-03
-1.800000000000001469e-03
-1.775000000000001403e-03
-1.750000000000001337e-03
-1.725000000000001272e-03
-1.700000000000001206e-03
-1.675000000000001141e-03
-1.650000000000001075e-03
-1.625000000000001010e-03
-1.600000000000000944e-03
-1.575000000000000878e-03
-1.550000000000000813e-03
-1.525000000000000747e-03
-1.500000000000000682e-03
-1.475000000000000616e-03
-1.450000000000000551e-03
-1.425000000000000485e-03
-1.400000000000000419e-03
-1.375000000000000354e-03
-1.350000000000000288e-03
-1.325000000000000223e-03
-1.300000000000000157e-03
-1.275000000000000092e-03
-1.250000000000000026e-03
-1.224999999999999960e-03
-1.199999999999999895e-03
-1.174999999999999829e-03
-1.149999999999999764e-03
-1.124999999999999698e-03
-1.099999999999999633e-03
-1.074999999999999567e-03
-1.049999999999999501e-03
-1.024999999999999436e-03
-9.999999999999993703e-04
-9.749999999999993047e-04
-9.499999999999993476e-04
-9.249999999999993904e-04
-8.999999999999994333e-04
-8.749999999999994761e-04
-8.499999999999995190e-04
-8.249999999999995618e-04
-7.999999999999996047e-04
-7.749999999999996475e-04
-7.499999999999996904e-04
-7.249999999999997332e-04
-6.999999999999997760e-04
-6.749999999999998189e-04
-6.499999999999998617e-04
-6.249999999999999046e-04
-5.999999999999999474e-04
-5.749999999999999903e-04
-5.500000000000000331e-04
-5.250000000000000760e-04
-5.000000000000001188e-04
-4.750000000000001617e-04
-4.500000000000001503e-04
-4.250000000000001390e-04
-4.000000000000001276e-04
-3.750000000000001162e-04
-3.500000000000001049e-04
-3.250000000000000935e-04
-3.000000000000000821e-04
-2.750000000000000708e-04
-2.500000000000000594e-04
-2.250000000000000481e-04
-2.000000000000000367e-04
-1.750000000000000253e-04
-1.500000000000000140e-04
-1.250000000000000026e-04
-1.000000000000000048e-04
-7.500000000000000698e-05
-5.000000000000000240e-05
-2.500000000000000120e-05
-0.000000000000000000e+00
2.500000000000000120e-05
5.000000000000000240e-05
7.500000000000000698e-05
1.000000000000000048e-04
1.250000000000000026e-04
1.500000000000000140e-04
1.750000000000000253e-04
2.000000000000000367e-04
2.250000000000000481e-04
2.500000000000000594e-04
2.750000000000000708e-04
3.000000000000000821e-04
3.250000000000000935e-04
3.500000000000001049e-04
3.750000000000001162e-04
4.000000000000001276e-04
4.250000000000001390e-04
4.500000000000001503e-04
4.750000000000001617e-04
5.000000000000001188e-04
5.250000000000000760e-04
5.500000000000000331e-04
5.749999999999999903e-04
5.999999999999999474e-04
6.249999999999999046e-04
6.499999999999998617e-04
6.749999999999998189e-04
6.999999999999997760e-04
7.249999999999997332e-04
7.499999999999996904e-04
7.749999999999996475e-04
7.999999999999996047e-04
8.249999999999995618e-04
8.499999999999995190e-04
8.749999999999994761e-04
8.999999999999994333e-04
9.249999999999993904e-04
9.499999999999993476e-04
9.749999999999993047e-04
9.999999999999993703e-04
1.024999999999999436e-03
1.049999999999999501e-03
1.074999999999999567e-03
1.099999999999999633e-03
1.124999999999999698e-03
1.149999999999999764e-03
1.174999999999999829e-03
1.199999999999999895e-03
1.224999999999999960e-03
1.250000000000000026e-03
1.275000000000000092e-03
1.300000000000000157e-03
1.325000000000000223e-03
1.350000000000000288e-03
1.375000000000000354e-03
1.400000000000000419e-03
1.425000000000000485e-03
1.450000000000000551e-03
1.475000000000000616e-03
1.500000000000000682e-03
1.525000000000000747e-03
1.550000000000000813e-03
1.575000000000000878e-03
1.600000000000000944e-03
1.625000000000001010e-03
1.650000000000001075e-03
1.675000000000001141e-03
1.700000000000001206e-03
1.725000000000001272e-03
1.750000000000001337e-03
1.775000000000001403e-03
1.800000000000001469e-03
1.825000000000001534e-03
1.850000000000001600e-03
1.875000000000001665e-03
1.900000000000001731e-03
1.925000000000001796e-03
1.950000000000001862e-03
1.975000000000001928e-03
2.000000000000001776e-03
2.025000000000001625e-03
2.050000000000001474e-03
2.075000000000001323e-03
2.100000000000001171e-03
2.125000000000001020e-03
2.150000000000000869e-03
2.175000000000000717e-03
2.200000000000000566e-03
2.225000000000000415e-03
2.250000000000000264e-03
2.275000000000000112e-03
2.299999999999999961e-03
2.324999999999999810e-03
2.349999999999999659e-03
2.374999999999999507e-03
2.399999999999999356e-03
2.424999999999999205e-03
2.449999999999999054e-03
2.474999999999998902e-03
2.499999999999998751e-03
2.524999999999998600e-03
2.550000189504615308e-03
2.575001833105142971e-03
2.600008180135578769e-03
2.625025204548168782e-03
2.650062188405467346e-03
2.675132164257448559e-03
2.700252233194450936e-03
2.725443776248801051e-03
2.750732576927427796e-03
2.776148871984796852e-03
2.801727346166938380e-03
2.827507084703887504e-03
2.853531494956239919e-03
2.879848205993431470e-03
2.906508952149256062e-03
2.933569443899955876e-03
2.961089226859359939e-03
2.989131527385561343e-03
3.017763081335458463e-03
3.047053940974345839e-03
3.077077254038048520e-03
3.107909008554384477e-03
3.139627737371632372e-03
3.172314177540934074e-03
3.206050881895509096e-03
3.240921783505646553e-03
3.277011718302328021e-03
3.314405917171315760e-03
3.353189486303050689e-03
3.393446903565141594e-03
3.435261569095277630e-03
3.478715460064613855e-03
3.523888952431298519e-03
3.570860886237158232e-03
3.619708965348086751e-03
3.670510597345991773e-03
3.723344294623813153e-03
3.778291339792747353e-03
3.835436266768438730e-03
3.894866990823157762e-03
3.956674605968168307e-03
4.020951829513403318e-03
4.087791072894218780e-03
4.157282481400161045e-03
4.229511964264918815e-03
4.304559242205408844e-03
4.382495945568597520e-03
4.463383802124189573e-03
4.547272958604346715e-03
4.634200483742351509e-03
4.724189102264179929e-03
4.817246208598372804e-03
4.913363205680526882e-03
5.012515207995963708e-03
5.114661138978130600e-03
5.219744241319062943e-03
5.327693005114317489e-03
5.438422503702442651e-03
5.551836111352171504e-03
5.667827561462805350e-03
5.786283289546424735e-03
5.907084992756933897e-03
6.030112327778785683e-03
6.155245661938129470e-03
6.282368788648511927e-03
6.411371517674424939e-03
6.542152052839885976e-03
6.674619074134645162e-03
6.808693446895590189e-03
6.944309486960821565e-03
7.081415716460460162e-03
7.219975049313269617e-03
7.359964347757760178e-03
7.501373290783739517e-03
7.644202491858194046e-03
7.788460796947184114e-03
7.934161685087063806e-03
8.081319582108342434e-03
8.229959566043384273e-03
8.380096563591092271e-03
8.531745651783211037e-03
8.684922059498393493e-03
8.839641168991510534e-03
8.995918517438366777e-03
9.153769798495969834e-03
9.313210863878517917e-03
9.474257724949256693e-03
9.636926554328370184e-03
9.801233687517065321e-03
9.967195624538011459e-03
1.013482903159230487e-02
1.030415074273311783e-02
1.047517776155620570e-02
1.064792726290743861e-02
1.082241659460752951e-02
1.099866327919413710e-02
1.117668501568150861e-02
1.135649968133784805e-02
1.153812533348058320e-02
1.172158021128971543e-02
1.190688273763943275e-02
1.209405152094816631e-02
1.228310535704728312e-02
1.247406323106859706e-02
1.266694431935089064e-02
1.286176799136563853e-02
1.305855381166212345e-02
1.325732154183214585e-02
1.345809114249451981e-02
1.366088277529955292e-02
1.386571680495371668e-02
1.407261380126470854e-02
1.428159454120710853e-02
1.449268001100884051e-02
1.470589140825864956e-02
1.492125014403480020e-02
1.513877784505521761e-02
1.535849635584928159e-02
1.558042774095149373e-02
1.580459428711723791e-02
1.603101850556086158e-02
1.625972313421628415e-02
1.649073114002039264e-02
1.672406572121941382e-02
1.695975030969852984e-02
1.719780857333495089e-02
1.743826441837468405e-02
1.768114199183324492e-02
1.792646568392054426e-02
1.817426013049019615e-02
1.842455021551349381e-02
1.867736107357831007e-02
1.893271809241315121e-02
1.919064691543664533e-02
1.945117344433269779e-02
1.971432384165158411e-02
1.998012453343724765e-02
2.024860221188104492e-02
2.051978383800222294e-02
2.079369664435540277e-02
2.107036813776531209e-02
2.134982610208907908e-02
2.163209860100633389e-02
2.191721398083741612e-02
2.220520087338996237e-02
2.249608819883416530e-02
2.278990516860699214e-02
2.308668128834564723e-02
2.338644636085058376e-02
2.368923048907835976e-02
2.399506407916462275e-02
2.430397784347755608e-02
2.461600280370207158e-02
2.493117029395506071e-02
2.524951196393202327e-02
2.557105978208538966e-02
2.589584603883485214e-02
2.622390334981002796e-02
2.655526465912577683e-02
2.688996324269051288e-02
2.722803271154783031e-02
2.756950701525178946e-02
2.791442044527618627e-02
2.826280763845816918e-02
2.861470358047653317e-02
2.897014360936504482e-02
2.932916341906115568e-02
2.969179906299044755e-02
3.005808695768718425e-02
3.042806388645133073e-02
3.080176700304239693e-02
3.117923383541048449e-02
3.156050228946491454e-02
3.194561065288080426e-02
3.233459759894399127e-02
3.272750219043467357e-02
3.312436388355016054e-02
3.352522253186714096e-02
3.393011839034385663e-02
3.433909211936257005e-02
3.475218478881275663e-02
3.516943788221542355e-02
3.559089330088895109e-02
3.601659336815690726e-02
3.644658083359823136e-02
3.688089887734023048e-02
3.731959111439479143e-02
3.776270159903829388e-02
3.821027482923562008e-02
3.866235575110871237e-02
3.911898976345015710e-02
3.958022272228220451e-02
4.004610094546171700e-02
4.051667121733149718e-02
4.099198079341846018e-02
4.147207740517910163e-02
4.195700926479280224e-02
4.244682507000336474e-02
4.294157400900933813e-02
4.344130576540358030e-02
4.394607052316258644e-02
4.445591897168604811e-02
4.497090231088717027e-02
4.549107225633427370e-02
4.601648104444415466e-02
4.654718143772777067e-02
4.708322673008874526e-02
4.762467075217523271e-02
4.817156787678569807e-02
4.872397302432912580e-02
4.928194166834024004e-02
4.984552984105024287e-02
5.041479413901368140e-02
5.098979172879197774e-02
5.157058035269420498e-02
5.215721833457566403e-02
5.274976458569487214e-02
5.334827861062955284e-02
5.395282051325217543e-02
5.456345100276571713e-02
5.518023139980016839e-02
5.580322364257048195e-02
5.643249029309651416e-02
5.706809454348561739e-02
5.771010022227850839e-02
5.835857180085905066e-02
5.901357439992857556e-02
5.967517379604543593e-02
6.034343642823040282e-02
6.101842940463859249e-02
6.170022050929858948e-02
6.238887820891944602e-02
6.308447165976623083e-02
6.378707071460483491e-02
6.449674592971670062e-02
6.521356857198422341e-02
6.593761062604749923e-02
6.666894480153315317e-02
6.740764454035598485e-02
6.815378402409411063e-02
6.890743818143843513e-02
6.966868269571713235e-02
7.043759401249588548e-02
7.121424934725470446e-02
7.199872669314204277e-02
7.279110482880701838e-02
7.359146332631048837e-02
7.439988255911583748e-02
7.521644371016021624e-02
7.604122878000710295e-02
7.687432059508092497e-02
7.771580281598465534e-02
7.856575994590116185e-02
7.942427733907915510e-02
8.029144120940463758e-02
8.116733863905865876e-02
8.205205758726225040e-02
8.294568689910947201e-02
8.384831631448938505e-02
8.476003647709789979e-02
8.568093894354038287e-02
8.661111619252592764e-02
8.755066163415425873e-02
8.849966961929611742e-02
8.945823544906816860e-02
9.042645538440330366e-02
9.140442665571735237e-02
9.239224747267311966e-02
9.339001703404280208e-02
9.439783553766968593e-02
9.541580419053020956e-02
9.644402521889734736e-02
9.748260187860637027e-02
9.853163846542396798e-02
9.959124032552184314e-02
1.006615138660557490e-01
1.017425665658511086e-01
1.028345069861962141e-01
1.039374447817441455e-01
1.050514907115245172e-01
1.061767566500660953e-01
1.073133555986314214e-01
1.084614016965646244e-01
1.096210102327535019e-01
1.107922976572070367e-01
1.119753815927495150e-01
1.131703808468324385e-01
1.143774154234653839e-01
1.155966065352670019e-01
1.168280766156374328e-01
1.180719493310532914e-01
1.193283495934864824e-01
1.205974035729480698e-01
1.218792387101585162e-01
1.231739837293455153e-01
1.244817686511706933e-01
1.258027248057865533e-01
1.271369848460248697e-01
1.284846827607179220e-01
1.298459538881538977e-01
1.312209349296678540e-01
1.326097639633694591e-01
1.340125804580090674e-01
1.354295252869834321e-01
1.368607407424824729e-01
1.383063705497785123e-01
1.397665598816594246e-01
1.412414553730071687e-01
1.427312051355230926e-01
1.442359587726016468e-01
1.457558673943537553e-01
1.472910836327816497e-01
1.488417616571063862e-01
1.504080571892498219e-01
1.519901275194724954e-01
1.535881315221690191e-01
1.552022296718225114e-01
1.568325840591197340e-01
1.584793584072285710e-01
1.601427180882393775e-01
1.618228301397719726e-01
1.635198632817498332e-01
1.652339879333432626e-01
1.669653762300832289e-01
1.687142020411474819e-01
1.704806409868208361e-01
1.722648704561312860e-01
1.740670696246637561e-01
1.758874194725531803e-01
1.777261028026589085e-01
1.795833042589220774e-01
1.814592103449079175e-01
1.833540094425347711e-01
1.852678918309917377e-01
1.872010497058468614e-01
1.891536771983477749e-01
1.911259703949166888e-01
1.931181273568417789e-01
1.951303481401668594e-01
1.971628348157813404e-01
1.992157914897126070e-01
2.012894243236226788e-01
2.033839415555113717e-01
2.054995535206279034e-01
2.076364726725931642e-01
2.097949136047347340e-01
2.119750930716366721e-01
2.141772300109064386e-01
2.164015455651610020e-01
2.186482631042343805e-01
2.209176082476088931e-01
2.232098088870722308e-01
2.255250952096027606e-01
2.278636997204853687e-01
2.302258572666600334e-01
2.326118050603055987e-01
2.350217827026610251e-01
2.374560322080866426e-01
2.399147980283676262e-01
2.423983270772623044e-01
2.449068687552976853e-01
2.474406749748147005e-01
2.500000001852657472e-01
